5

1
-0.3 3.0 1.5 3.0 1.0

1
-0.3 3.0 1.5 3.0 0.8

2
-0.3 3.0 1.5 3.0 1.0
2.0 3.0 -0.0 3.0 0.7

2
-0.3 3.0 1.5 3.0 1.0
2.0 3.0 -0.0 3.0 0.7

4
1 3.0 2 3.0 0.9
2 3.0 4 3.0 0.9
3 3.0 5 3.0 0.9
4 3.0 6 3.0 1.0


3

3
2.0 2.0 9.0 2.0 0.9
13.5 2.0 4.0 8.5 0.7
17.0 10.0 7.0 8.5 0.8

8
6.0 2.0 24.0 2.0 0.9
5.5 2.0 22.0 8.5 0.7
9.0 10.0 18.0 8.5 0.8
16.0 2.0 16.0 2.0 0.9
8.5 2.0 15.0 8.5 0.7
4.0 10.0 11.0 8.5 0.8
2.2 2.0 5.0 2.0 0.9
90.5 2.0 1.0 8.5 0.7

2
1.0 2.0 2.0 2.0 0.9
4.5 2.0 6.0 8.5 0.7 

1
3
2.0 2.0 9.0 2.0 0.9
13.5 2.0 4.0 8.5 0.7
17.0 10.0 7.0 8.5 0.8
