2 30
10 5
0 1 3 5 7 9 11 13 15 20 99
4 13 15 19 20 25 30
2 30
10 1
0 5 10 12 14 20 25 30
2 4 6 8 10 12 14 22 25 28 29
3 50
10 50 100
0 10 30 40
0 20 30
0 20 50
1 1
2
0 2 4 6 8 10
2 99
100 1
0 1 98 99
1 98
3 30
100 100 1
0 2 4 5 6 7 8 21 22 23 24 25 26 30
1 2 19 11 12 13 14 15 16 30
1 10 30
3 1
100 10 100
0 1
0 1
0 1
2 5
1 1
0 3
4 5
2 99
10 40
1 2 3 4 99 0 12 
3 4 2 0 12 99
5 99
12 90 34 56 22
0 4 7 3 6 8 98
4 10 20 23 46 50 69 88 99
0 3 12 45 50 77 88 99
0 20 46 77 98
0 50
