2
2 3
4 4
1000 1000
999 999
998 998
997 997
500 500
499 499
1000 1000
999 999
998 998
997 997
500 500
499 499
1000 1000
999 999
998 998
997 997
500 500
499 499
1000 1000
999 999
998 998
997 997
500 500
499 499
1000 1000
999 999
998 998
997 997
500 500
499 499
1000 1000
999 999
998 998
997 997
500 500
499 499
1000 1000
999 999
998 998
997 997
500 500
499 499
1000 1000
999 999
998 998
997 997
500 500
499 499
1000 1000
999 999
998 998
997 997
500 500
499 499
1000 1000
999 999
998 998
997 997
500 500
499 499
1000 1000
999 999
998 998
997 997
500 500
499 499
1000 1000
999 999
998 998
997 997
500 500
499 499
1000 1000
999 999
998 998
997 997
500 500
499 499
1000 1000
999 999
998 998
997 997
500 500
499 499
1000 1000
999 999
998 998
997 997
500 500
499 499
1000 1000
999 999
998 998
997 997
500 500
499 499
2 2
3 2
