


6 4
0 1 1
1 2 1
2 4 1
3 5 1
4 0
2
1 2
4 5

Ans
Infinity
3


4 3
0 1 1
1 2 2
2 3 3
0 2
4
0 1
1 2
2 3
0 3

Ans
Infinity
Infinity
3 
3



3 1
0 1 1
0 2
2
0 1
1 2

Ans
Infinity
Infinity


5 5
0 1 1
1 2 2
2 3 3
2 4 4
4 0 5
0 3
4
0 1
1 2
2 3
0 4

Ans
12
12
Infinity
6


10 10
0 1 1
1 2 1
2 3 1
3 4 1
0 5 1
5 6 1
6 7 1
7 8 1
8 9 1
9 4 1
0 4
5
0 1
1 2
0 5
9 4
0 4

Ans
6
6
4
4
4



6 9
0 1 1
1 2 1
2 3 1
3 4 1
4 5 1
2 4 5
3 5 8
1 3 3
0 2 4
0 5
9
0 1
1 2
2 3
3 4
4 5
2 4
3 5
1 3
0 2

Ans

7
6
6
8
11
5
5
5
5
