7 4 3
7 4 2
2 1 2
3 3 2
6 2 2
6 2 3
5 4 3
3 2 2
5 22 50
39 10 18
7 13 19
11 38 12
19 36 15
41 15 26
27 27 50
16 39 2
5 39 12
40 49 30
4 25 24
12 49 47
27 21 2
50 4 33
28 32 42
50 50 24
7 11 37
30 37 32
50 13 39
38 34 14
50 50 50
1 1 1
50 1 1
1 50 1
1 1 50
50 50 1
50 1 50
1 50 50
5 22 50
39 10 18
7 13 19
11 38 12
19 36 15
41 15 26
27 27 50
16 39 2
5 39 12
40 49 30
4 25 24
12 49 47
27 21 2
50 4 33
28 32 42
50 50 24
7 11 37
30 37 32
50 13 39
38 34 14
21 21 18
45 39 40
32 7 15
30 2 39
28 28 42
39 15 32
37 22 32
20 24 20
23 38 23
42 32 21
