4 3
1 0 500000
2 0 1000000
3 0 1500000
1
2
3

16 7
0 1 10
1 2 10
0 3 20
3 4 10
4 5 30
4 6 5
6 7 10
0 8 50
8 9 25
8 10 25
0 11 5
11 12 5
12 13 10
13 14 10
14 15 10
0
3
7
9
10
12
15



3 2
0 1 5
1 2 10
0 
2

3 2
0 1 5
0 2 10
1
2


2 2
0 1 10
0
1


6 6
0 1 1
1 2 10
2 5 10
2 3 20
3 4 20
1
5
4
0
2
3

7 3
0 1 10
1 4 5
1 3 10
0 2 5
2 5 10
2 6 10
0
6
3




14 7
0 5   10
5 4   10
3 4   10
2 3   10
1 2   10
6 2   5
7 2   5
10 4  5
11 4  5
8 7   20
9 7   50
12 11 5
13 12 5
8
9
13
11
3
6
7



5 3
2 1 8
1 0 5
2 4 5
1 3 4
0
2
4

