35
21335 128 10000007
21335 99 10000007
21335 101 10000007
21335 100 10000007
21335 25 10000007
21335 3 10000007
21335 1024 10000007
21335 512 10000007
21335 256 10000007
21335 128 10000007
21335 64 10000007
21335 32 10000007
21335 16 10000007
21335 8 10000007
21335 4 10000007
21335 2 10000007
21335 100 100
21335 100 1000
21335 100 10000
21335 100 100000
21335 100 1000000
21335 100 10000000
21335 100 100000000
21335 100 10000000000
523 10 10
523 10 17
523 10 789
523 10 600
523 10 6700
523 10 67001
7 16 1000000000000000000
7 16 10000007
0 2 10
12 2 17
523 3 11
